995281809
873586888
739114560
181666736
334011996
519633688
147591278
561195831
548865163
485322044
304276535
601451521
866396195
915754420
327454050
980104178
546861302
122291218
487556616
319542977
911370544
788334107
713268144
784441766
237656679
573075156
272698709
924815330
569599758
653994583
081718680
058967389
995350078
896474759
594606037
723080694
933005548
782119376
257567731
408976592
730128159
801124693
373617081
922961401
685018300
696032540
260419502
428668680
688273964
752682363
542405141
627791133
396438559
807584621
734844459
951383051
422011071
200389136
145323241
900788070
474553789
814056215
919983359
153945223
246580929
833747649
755471730
022788612
716870648
009732485
180602541
268014279
124064437
706829845
557987124
829105067
502247536
056142354
298346717
211871738
295343785
497873865
223709352
214251087
838610802
245808750
529297624
936038738
040937145
277353738
452748420
318766346
266206116
647106558
578127746
373368930
117484798
763327207
556244233
717675000
469245380
990361126
735612517
157414752
706334363
355257679
402528885
316403412
782944691
695225771
455048207
930166218
023465686
339804074
340289908
362464804
887503524
520455837
845993303
438112340
439229328
145590756
339690391
502765805
623383133
264029246
999443651
080898238
578585916
213682885
706654571
442675645
046516402
604872112
169962351
019123087
134018086
074286805
923926944
758727748
040178183
705628211
022796746
449112288
011048306
270531179
800046911
224271988
527977790
498573022
991945203
369417638
414750674
331442275
614002908
959769850
006654439
601186278
420781608
506085524
346567455
676747802
854561367
551948492
317173333
259167471
774681534
413989302
618803264
424174106
413663460
292041187
138543825
763547767
361777935
762241323
464890791
037453340
992328608
240455549
643379569
659789094
017522075
547661433
855459783
389063427
314712574
631202398
109536941
006558098
416224743
547333653
643468700
318896838
668330216
753071895
154278435
913117625
459123711
132901593
481674331
737767711
147649240
385511357
316819372
292662082
627464045
135963223
003009374
759198231
656462221
286784624
662820021
076467388
357429996
075762156
115516454
073787086
526659965
925901923
452907711
534828266
729846469
518078454
220598611
949579853
211533059
250055044
099751290
413774006
406888786
262903251
534007464
970965723
147802428
924266778
840659429
065638689
420763223
477224215
676661175
471683920
569425796
871768886
764988951
947411047
191439790
202666543
388145933
466953801
980352620
977068267
476009579
071117252
454644360
612159018
381551445
872816388
520819202
218762847
964533205
944964254
104105364
618715291
157744594
449072644
296854758
334295751
574175252
452427867
408672326
288583291
393201964
264713163
765509567
402021000
746341682
536461872
624343279
621865370
622397358
400083270
251152514
068764565
149098970
136405815
066959140
075100876
019800440
290538957
660919520
804116552
333547369
028654605
849780790
178827529
246508251
176784702
139608483
940659078
175833273
757867010
280574245
450595655
522603638
790455661
658233689
964917519
949271018
851515482
578198428
123302770
632863761
672261216
813573203
750476085
635256445
612339579
586064029
743347243
641044660
628409636
852118301
298649475
893372333
066920511
634030641
158980375
023143095
050492493
729309467
667045240
341923314
225585844
400832163
881630423
763298228
009530688
239845327
686765617
236876030
376743101
441307527
764639297
060622659
051484896
477270188
790178519
559324050
772572870
451452215
416070797
800076214
084029566
972092481
453293833
698339895
232043016
137364755
517297401
379288228
180755967
180314990
760823077
106145661
695686893
076775397
711001267
863276990
591389809
448358798
767121675
903650131
273633885
243115199
582783328
545788563
503005327
872645502
115207940
840802269
937961500
056119863
180194785
900848648
816292868
530455272
342527836
971792798
625572402
960392965
701741732
431172110
433826299
018991898
909851620
364543239
599093831
022255642
844266528
825030779
425408523
373862360
800902994
841737129
306075571
158475911
284431699
538882033
888790529
044574095
883934793
332570267
841330140
659977881
955933466
500250043
319094871
345086027
403276189
354160667
706145906
255729017
137863479
160058315
556141879
780367833
248564967
541332317
171623874
982421666
440244609
350702124
236516141
737003279
804632352
887171943
981964253
927210130
295818151
134790328
849242515
130078933
911698480
290201473
517394738
431443778
078080105
370519558
204217617
824348713
140985459
767623545
721244560
490196471
825197000
190262124
026420394
096731437
721076249
690853387
768804578
477996822
905250483
334593608
661429816
022543945
746941380
029135488
219994236
798801844
361283863
374615202
810216362
082613212
717934354
109872750
955879718
188458926
689144775
966108389
510166294
426364758
172095948
127322605
636248160
107497063
074895890
438041080
605839986
998223911
622145637
885544112
585467904
201782472
117758343
233337473
674034163
118676225

